
147	1분20초255	80255	0
147	2분48초153	168153	1
121	3분10초965	190965	0
147	4분16초836	256836	2
121	4분36초521	276521	1
139	6분24초400	384400	0
139	7분53초281	473281	1
123	8분17초811	497811	0
139	9분11초873	551873	2
123	9분32초054	572054	1
139	10분38초646	638646	3
148	10분59초841	659841	0
123	11분17초883	677883	2
126	12분12초744	732744	0
148	12분23초784	743784	1
139	12분29초740	749740	4
123	12분44초472	764472	3
126	13분27초134	807134	1
139	13분52초177	832177	5
148	14분3초007	843007	2
123	14분9초690	849690	4
126	14분38초903	878903	2
139	15분13초558	913558	6
123	15분32초337	932337	5
126	15분50초134	950134	3
148	15분36초028	936028	3
148	17분3초627	1023627	4
126	17분5초487	1025487	4
123	17분14초427	1034427	6
126	18분19초355	1099355	5
148	18분34초710	1114710	5
123	18분38초995	1118995	7
139	19분24초474	1164474	7
126	19분35초003	1175003	6
148	19분57초707	1197707	6
123	20분0초551	1200551	8
139	20분47초307	1247307	8
126	20분48초671	1248671	7
148	21분21초028	1281028	7
123	21분28초216	1288216	9
126	22분14초155	1334155	8
139	22분22초020	1342020	9
148	22분49초928	1369928	8
123	22분57초905	1377905	10
126	23분30초207	1410207	9
139	23분45초791	1425791	10
148	24분18초143	1458143	9
123	24분26초210	1466210	11
126	24분48초286	1488286	10
139	25분36초761	1536761	11
123	25분55초059	1555059	12
126	26분2초542	1562542	11
136	26분12초844	1572844	0
139	26분59초666	1619666	12
126	27분16초954	1636954	12
123	27분28초266	1648266	13
136	27분37초538	1657538	1
139	28분20초449	1700449	13
126	28분34초765	1714765	13
123	28분52초042	1732042	14
136	28분52초974	1732974	2
139	29분40초412	1780412	14
126	29분46초165	1786165	14
136	30분5초937	1805937	3
123	30분22초646	1822646	15
139	31분1초012	1861012	15
126	31분1초770	1861770	15
136	31분18초309	1878309	4
136	32분43초238	1963238	5
136	33분54초826	2034826	6
123	34분5초464	2045464	16
139	35분3초430	2103430	16
123	35분36초837	2136837	17
126	35분45초576	2145576	16
129	36분20초192	2180192	0
139	36분30초158	2190158	17
123	36분59초326	2219326	18
126	37분2초824	2222824	17
129	37분32초023	2252023	1
139	37분58초028	2278028	18
126	38분15초648	2295648	18
129	38분40초462	2320462	2
131	39분14초855	2354855	0
126	39분28초108	2368108	19
139	39분42초907	2382907	19
129	39분50초098	2390098	3
131	40분52초629	2452629	1
139	41분9초036	2469036	20
126	41분17초794	2477794	20
123	41분10초089	2470089	19
131	42분5초343	2525343	2
129	42분21초947	2541947	4
126	42분29초424	2549424	21
139	43분6초094	2586094	21
131	43분8초991	2588991	3
129	43분30초437	2610437	5
126	43분46초398	2626398	22
131	44분26초358	2666358	4
139	44분34초257	2674257	22
129	44분39초248	2679248	6
126	45분2초641	2702641	23
131	45분30초002	2730002	5
129	45분57초225	2757225	7
126	46분19초508	2779508	24
139	46분25초753	2785753	23
131	46분32초763	2792763	6
129	47분6초247	2826247	8
126	47분39초648	2859648	25
131	47분48초504	2868504	7
139	47분59초598	2879598	24
129	48분14초349	2894349	9
131	48분53초879	2933879	8
139	49분20초213	2960213	25
129	49분23초705	2963705	10
131	49분56초492	2996492	9
130	50분11초239	3011239	0
129	50분40초465	3040465	11
139	50분48초061	3048061	26
131	51분0초107	3060107	10
130	51분35초567	3095567	1
129	51분48초651	3108651	12
139	52분11초501	3131501	27
131	52분12초353	3132353	11
130	52분52초062	3172062	2
129	52분56초568	3176568	13
131	53분18초319	3198319	12
139	53분38초084	3218084	28
130	54분3초365	3243365	3
129	54분7초050	3247050	14
131	54분21초720	3261720	13
139	54분59초428	3299428	29
130	55분14초857	3314857	4
131	55분25초265	3325265	14
139	56분20초806	3380806	30
130	56분54초817	3414817	5
139	57분56초249	3476249	31
140	59분16초905	3556905	0
140	60분23초949	3623949	1
129	60분49초748	3649748	15
140	61분28초726	3688726	2
137	61분44초377	3704377	0
129	62분8초127	3728127	16
140	62분33초385	3753385	3
137	63분2초983	3782983	1
129	63분23초196	3803196	17
140	63분36초304	3816304	4
137	64분12초396	3852396	2
129	64분35초768	3875768	18
140	64분40초485	3880485	5
129	65분45초714	3945714	19
140	65분46초336	3946336	6
137	65분58초527	3958527	3
140	66분51초340	4011340	7
129	66분57초229	4017229	20
137	67분29초033	4049033	4
129	68분11초994	4091994	21
137	68분37초720	4117720	5
140	68분56초544	4136544	8
129	69분21초582	4161582	22
137	69분47초887	4187887	6
140	70분0초885	4200885	9
145	70분16초037	4216037	0
129	70분31초128	4231128	23
137	70분56초483	4256483	7
140	71분4초545	4264545	10
137	72분8초365	4328365	8
140	72분8초518	4328518	11
129	72분13초298	4333298	24
140	73분14초996	4394996	12
129	73분19초383	4399383	25
137	73분43초885	4423885	9
129	74분29초221	4469221	26
145	74분32초481	4472481	1
137	74분50초714	4490714	10
129	75분39초491	4539491	27
137	75분58초432	4558432	11
129	76분50초453	4610453	28
137	77분3초424	4623424	12
129	78분2초010	4682010	29
137	78분7초617	4687617	13
129	79분13초642	4753642	30
129	80분27초291	4827291	31
125	2분3초913	123913	0
122	2분59초007	179007	0
125	3분38초604	218604	1
122	4분15초077	255077	1
125	4분45초528	285528	2
122	5분22초898	322898	2
142	5분37초108	337108	0
125	5분52초812	352812	3
122	6분33초082	393082	3
142	6분50초214	410214	1
125	6분59초260	419260	4
122	7분42초081	462081	4
142	7분56초456	476456	2
125	8분5초813	485813	5
122	8분51초943	531943	5
142	9분0초915	540915	3
125	9분11초570	551570	6
122	9분59초572	599572	6
142	10분2초204	602204	4
125	10분17초944	617944	7
119	10분33초494	633494	0
142	11분7초202	667202	5
122	11분13초024	673024	7
125	11분31초525	691525	8
119	11분34초078	694078	1
142	12분9초228	729228	6
122	12분23초242	743242	8
119	12분37초979	757979	2
142	13분10초716	790716	7
122	13분32초054	812054	9
119	13분39초128	819128	3
125	13분59초460	839460	9
142	14분12초916	852916	8
119	14분40초644	880644	4
122	14분45초053	885053	10
142	15분15초627	915627	9
119	15분41초544	941544	5
122	15분51초196	951196	11
118	16분6초717	966717	0
142	16분17초009	977009	10
119	16분43초774	1003774	6
122	16분57초471	1017471	12
118	17분7초313	1027313	1
142	17분17초293	1037293	11
119	17분45초884	1065884	7
122	18분5초428	1085428	13
142	18분18초474	1098474	12
122	18분6초639	1086639	14
119	18분49초624	1129624	8
118	19분7초045	1147045	2
122	19분15초692	1155692	15
142	19분19초874	1159874	13
119	19분52초354	1192354	9
118	20분4초184	1204184	3
142	20분28초100	1228100	14
122	20분33초812	1233812	16
119	20분54초961	1254961	10
118	21분1초609	1261609	4
142	21분31초972	1291972	15
119	21분56초856	1316856	11
118	21분59초325	1319325	5
118	22분58초524	1378524	6
119	23분5초192	1385192	12
118	23분56초339	1436339	7
119	24분7초067	1447067	13
122	24분19초082	1459082	17
142	24분46초936	1486936	16
118	24분57초189	1497189	8
119	25분9초944	1509944	14
122	25분39초414	1539414	18
118	25분59초647	1559647	9
142	26분7초394	1567394	17
119	26분13초439	1573439	15
122	26분55초538	1615538	19
118	26분57초661	1617661	10
142	27분14초302	1634302	18
118	27분56초699	1676699	11
122	28분10초552	1690552	20
142	28분19초198	1699198	19
118	28분55초102	1735102	12
122	29분22초678	1762678	21
142	29분23초470	1763470	20
118	29분54초206	1794206	13
119	30분8초513	1808513	16
142	30분28초603	1828603	21
122	30분35초503	1835503	22
118	30분59초373	1859373	14
142	31분31초346	1891346	22
122	31분45초232	1905232	23
118	31분58초970	1918970	15
119	32분9초467	1929467	17
142	32분34초743	1954743	23
122	32분57초360	1977360	24
119	33분9초057	1989057	18
142	33분38초481	2018481	24
119	34분9초773	2049773	19
122	34분15초624	2055624	25
142	34분42초348	2082348	25
119	35분9초436	2109436	20
122	35분28초106	2128106	26
142	35분46초232	2146232	26
118	35분57초117	2157117	16
119	36분8초110	2168110	21
122	36분37초318	2197318	27
142	36분48초601	2208601	27
118	36분53초638	2213638	17
220	0분1초918	1918	0
210	0분25초412	25412	0